inc_policy_arttree_ver_size_10000000_z_0
========================================= 

workload (up-mfind-range-rs)      read    write    lazy    no_inc    non_per
------------------------------  ------  -------  ------  --------  ---------
[5, 0, 0, 0]                     253      236     254       254          265
[50, 0, 0, 0]                    188      123     186       186          204
[5, 25, 0, 4]                    199      240     273       276          322
[5, 25, 0, 16]                   270      293     299       301          380
[5, 0, 95, 48]                    12.9     13.7    13.9      14.4         17
