inc_policy_list_ver_size_1000_z_0.99
========================================= 

workload (up-mfind-range-rs)      read    write    lazy    no_inc    non_per
------------------------------  ------  -------  ------  --------  ---------
[5, 0, 0, 0]                      40.1     32.6    40.1      40.2       51.6
[50, 0, 0, 0]                     23.9     14.9    23.9      24         30.3
[5, 25, 0, 4]                     37.8     36.9    32.8      43.8       55.1
[5, 25, 0, 16]                    45       43.5    37.6      48.8       60.2
[5, 0, 95, 48]                    26       28.6    25.9      37.9       46.3
