inc_policy_btree_ver_size_10000000_z_0
========================================= 

workload (up-mfind-range-rs)      read    write    lazy    no_inc    non_per
------------------------------  ------  -------  ------  --------  ---------
[5, 0, 0, 0]                     243      226     240       244          255
[50, 0, 0, 0]                    165      115     164       164          174
[5, 25, 0, 4]                    187      225     253       256          272
[5, 25, 0, 16]                   244      264     268       270          285
[5, 0, 95, 48]                    46.2     71.9    89.5      89.7        100
