inc_policy_arttree_ver_size_100000_z_0
========================================= 

workload (up-mfind-range-rs)      read    write    lazy    no_inc    non_per
------------------------------  ------  -------  ------  --------  ---------
[5, 0, 0, 0]                     717      550     726         724      750
[50, 0, 0, 0]                    294      152     297         293      342
[5, 25, 0, 4]                    352      545     831         885     1010
[5, 25, 0, 16]                   664      806    1047        1084     1302
[5, 0, 95, 48]                    30.5     37.9    39.7        43       51.1
