inc_policy_list_ver_size_100_z_0.99
========================================= 

workload (up-mfind-range-rs)      read    write    lazy    no_inc  non_per
------------------------------  ------  -------  ------  --------  ---------
[5, 0, 0, 0]                      79.5     53.2    79.4      79.8  122
[50, 0, 0, 0]                     28.2     17      28.3      28.2  39.7
[5, 25, 0, 4]                     76       69.1    89.7     106    153
[5, 25, 0, 16]                   121      110     136       168    226
[5, 0, 95, 48]                    34.7     41.1    46.8      75.2  -
