inc_policy_hash_block_lf_ver_size_10000000_z_0
========================================= 

workload (up-mfind-range-rs)      read    write    lazy    no_inc    non_per
------------------------------  ------  -------  ------  --------  ---------
[5, 0, 0, 0]                     561      501     564       560        620
[50, 0, 0, 0]                    357      151     356       357        411
[5, 25, 0, 4]                    332      463     615       613        734
[5, 25, 0, 16]                   533      655     740       735        850
[5, 0, 95, 48]                    11.9     12.8    12.1      12.7       15.5
