inc_policy_btree_ver_size_100000_z_0.99
========================================= 

workload (up-mfind-range-rs)      read    write    lazy    no_inc    non_per
------------------------------  ------  -------  ------  --------  ---------
[5, 0, 0, 0]                     500      320       497       505        533
[50, 0, 0, 0]                    139       91.5     126       134        168
[5, 25, 0, 4]                    286      364       482       602        674
[5, 25, 0, 16]                   513      542       639       788        818
[5, 0, 95, 48]                    58.8    128       201       268        286
