inc_policy_arttree_ver_size_10000000_z_0.99
========================================= 

workload (up-mfind-range-rs)      read    write    lazy    no_inc    non_per
------------------------------  ------  -------  ------  --------  ---------
[5, 0, 0, 0]                     376      290     373       373        412
[50, 0, 0, 0]                    191      111     192       190        226
[5, 25, 0, 4]                    251      307     389       424        506
[5, 25, 0, 16]                   380      410     450       482        589
[5, 0, 95, 48]                    17.9     19.9    20.3      21.2       25.4
