inc_policy_arttree_ver_size_100000_z_0.99
========================================= 

workload (up-mfind-range-rs)      read    write    lazy    no_inc    non_per
------------------------------  ------  -------  ------  --------  ---------
[5, 0, 0, 0]                       561    367     564         559        692
[50, 0, 0, 0]                      190    107     188         190        226
[5, 25, 0, 4]                      300    364     560         726        938
[5, 25, 0, 16]                     609    642     817        1073       1304
[5, 0, 95, 48]                      37     49.2    53.2        58         69
