inc_policy_hash_block_lf_ver_size_10000000_z_0.99
========================================= 

workload (up-mfind-range-rs)      read    write    lazy    no_inc    non_per
------------------------------  ------  -------  ------  --------  ---------
[5, 0, 0, 0]                     657      446     648         612      855
[50, 0, 0, 0]                    228      110     225         227      249
[5, 25, 0, 4]                    335      475     665         850     1049
[5, 25, 0, 16]                   641      719     933        1110     1291
[5, 0, 95, 48]                    16.1     18.1    17.1        18       21.9
