inc_policy_btree_ver_size_10000000_z_0.99
========================================= 

workload (up-mfind-range-rs)      read    write    lazy    no_inc    non_per
------------------------------  ------  -------  ------  --------  ---------
[5, 0, 0, 0]                     312      269       318       324        335
[50, 0, 0, 0]                    139      100       144       150        163
[5, 25, 0, 4]                    225      267       324       346        369
[5, 25, 0, 16]                   324      347       355       385        405
[5, 0, 95, 48]                    55.1     96.5     129       139        153
