inc_policy_list_ver_size_1000_z_0
========================================= 

workload (up-mfind-range-rs)      read    write    lazy    no_inc    non_per
------------------------------  ------  -------  ------  --------  ---------
[5, 0, 0, 0]                      34.9     28.2    34.8      35         44
[50, 0, 0, 0]                     22.2     13      22.2      22.2       28.2
[5, 25, 0, 4]                     32.5     31.6    27.2      37.5       46.4
[5, 25, 0, 16]                    37.3     36.5    31.1      40.4       49.5
[5, 0, 95, 48]                    22.8     25.5    21.7      32.6       39.8
