inc_policy_hash_block_lf_ver_size_100000_z_0
========================================= 

workload (up-mfind-range-rs)      read    write    lazy    no_inc    non_per
------------------------------  ------  -------  ------  --------  ---------
[5, 0, 0, 0]                    1515     1051    1543      1503       1672
[50, 0, 0, 0]                    507      174     508       500        588
[5, 25, 0, 4]                    400      696    1740      1913       2335
[5, 25, 0, 16]                   973     1589    2629      2741       3320
[5, 0, 95, 48]                    36.8     53.5    54.8      68.9       85.1
