inc_policy_hash_block_lf_ver_size_100000_z_0.99
========================================= 

workload (up-mfind-range-rs)      read    write    lazy    no_inc    non_per
------------------------------  ------  -------  ------  --------  ---------
[5, 0, 0, 0]                     728      403     727       725          862
[50, 0, 0, 0]                    178       87.3   194       175          196
[5, 25, 0, 4]                    375      448     731      1019         1230
[5, 25, 0, 16]                   790      776    1173      1736         2142
[5, 0, 95, 48]                    34.2     58.6    64.8      83.3        103
