inc_policy_list_ver_size_100_z_0
========================================= 

workload (up-mfind-range-rs)      read    write    lazy    no_inc  non_per
------------------------------  ------  -------  ------  --------  ---------
[5, 0, 0, 0]                      79.4     54.1    79.5      79.8  122
[50, 0, 0, 0]                     28.6     16.4    28.6      28.6  40.3
[5, 25, 0, 4]                     78.7     70.3    90.1     108    155
[5, 25, 0, 16]                   122      109     139       173    231
[5, 0, 95, 48]                    37.4     39.1    48        76    -
