inc_policy_btree_ver_size_100000_z_0
========================================= 

workload (up-mfind-range-rs)      read    write    lazy    no_inc    non_per
------------------------------  ------  -------  ------  --------  ---------
[5, 0, 0, 0]                     498        437     490       505        530
[50, 0, 0, 0]                    212        132     208       211        218
[5, 25, 0, 4]                    248        410     554       576        615
[5, 25, 0, 16]                   494        605     665       667        702
[5, 0, 95, 48]                    63.5      124     202       226        240
