inc_policy_arttree_ver_size_100000
========================================= 

workload (up-mfind-range-rs)      switch    read    write    lazy    no_inc    non_per
------------------------------  --------  ------  -------  ------  --------  ---------
[5, 0, 0, 0]                       543     532      348     541       520        669
[50, 0, 0, 0]                      181     184      101     181       185        212
[5, 25, 0, 4]                      315     356      415     706       844       1075
[5, 25, 0, 16]                     686     809      996    1433      1683       2101
[5, 0, 95, 48]                      29.8    25.4     31.3    31.2      33.3       38.8
