inc_policy_list_ver_size_1000
========================================= 

workload (up-mfind-range-rs)      switch    read    write    lazy    no_inc    non_per
------------------------------  --------  ------  -------  ------  --------  ---------
[5, 0, 0, 0]                        32.7    32       26.8    32.8      32         34.4
[50, 0, 0, 0]                       20.2    20.1     12.1    20.2      20.1       23
[5, 25, 0, 4]                       29.8    30.1     29.1    26.9      33.7       37.1
[5, 25, 0, 16]                      33.6    33.9     33.2    31.1      36.5       40.5
[5, 0, 95, 48]                      20.8    20.2     22.1    19.1      27.2       30.3
