inc_policy_hash_block_ver_size_100000
========================================= 

workload (up-mfind-range-rs)      switch    read    write    lazy    no_inc    non_per
------------------------------  --------  ------  -------  ------  --------  ---------
[5, 0, 0, 0]                       743     773      440     777       776          900
[50, 0, 0, 0]                      187     184      107     183       186          233
[5, 25, 0, 4]                      328     384      525     905      1218         1432
[5, 25, 0, 16]                     783     989     1318    1826      2606         3154
[5, 0, 95, 48]                      45.4    34.6     50.5    50.9      67.8         75
