inc_policy_arttree_ver_size_10000000
========================================= 

workload (up-mfind-range-rs)      switch    read    write    lazy    no_inc    non_per
------------------------------  --------  ------  -------  ------  --------  ---------
[5, 0, 0, 0]                       358     359      282     359       360        392
[50, 0, 0, 0]                      169     170      103     169       171        201
[5, 25, 0, 4]                      252     306      387     531       579        654
[5, 25, 0, 16]                     696     727      923    1145      1261       1397
[5, 0, 95, 48]                      12.2    11.4     12.3    12.4      12.3       14.3
