inc_policy_hash_block_ver_size_10000000
========================================= 

workload (up-mfind-range-rs)      switch    read    write    lazy    no_inc    non_per
------------------------------  --------  ------  -------  ------  --------  ---------
[5, 0, 0, 0]                       658     660      435     666       654          736
[50, 0, 0, 0]                      233     236      119     236       235          278
[5, 25, 0, 4]                      310     391      538     828       994         1152
[5, 25, 0, 16]                     944     957     1303    1802      2238         2576
[5, 0, 95, 48]                      15.9    14.2     15.9    15.2      16.1         18
