inc_policy_arttree_ver_size_10000000_z_0.99
========================================= 

workload (up-mfind-range-rs)      read    write    lazy    hardware    non_per
------------------------------  ------  -------  ------  ----------  ---------
[5, 0, 0, 0]                     387      298     393         378        422
[50, 0, 0, 0]                    182      110     181         172        220
[5, 25, 0, 4]                    253      320     411         427        520
[5, 25, 0, 16]                   412      438     491         508        632
[5, 0, 95, 48]                    18.2     19.3    19.6        19.9       24.9
