inc_policy_arttree_ver_size_100000_z_0
========================================= 

workload (up-mfind-range-rs)      read    write    lazy    hardware    non_per
------------------------------  ------  -------  ------  ----------  ---------
[5, 0, 0, 0]                       638    500     630         614        663
[50, 0, 0, 0]                      202    118     201         192        230
[5, 25, 0, 4]                      353    533     770         757        898
[5, 25, 0, 16]                     672    847    1045        1033       1241
[5, 0, 95, 48]                      31     41.9    43.8        44.1       56.9
