inc_policy_btree_ver_size_10000000_z_0.99
========================================= 

workload (up-mfind-range-rs)      read    write    lazy    no_inc    non_per
------------------------------  ------  -------  ------  --------  ---------
[5, 0, 0, 0]                     309      257       311       306        322
[50, 0, 0, 0]                    144       99.1     141       140        159
[5, 25, 0, 4]                    220      261       316       332        351
[5, 25, 0, 16]                   309      326       340       368        389
[5, 0, 95, 48]                    51.5     87.9     115       122        133
