inc_policy_btree_ver_size_100000_z_0
========================================= 

workload (up-mfind-range-rs)      read    write    lazy    hardware    non_per
------------------------------  ------  -------  ------  ----------  ---------
[5, 0, 0, 0]                     488        447     496         491        510
[50, 0, 0, 0]                    211        124     216         208        218
[5, 25, 0, 4]                    288        430     571         551        606
[5, 25, 0, 16]                   497        591     647         678        714
[5, 0, 95, 48]                    66.5      121     202         207        233
