inc_policy_btree_ver_size_100000_z_0.99
========================================= 

workload (up-mfind-range-rs)      read    write    lazy    no_inc    non_per
------------------------------  ------  -------  ------  --------  ---------
[5, 0, 0, 0]                       480    334       487       490        525
[50, 0, 0, 0]                      131     88.8     133       136        156
[5, 25, 0, 4]                      287    356       481       603        620
[5, 25, 0, 16]                     519    556       628       761        830
[5, 0, 95, 48]                      61    127       192       252        266
