inc_policy_list_ver_size_100_z_0
========================================= 

workload (up-mfind-range-rs)      read    write    lazy    no_inc    non_per
------------------------------  ------  -------  ------  --------  ---------
[5, 0, 0, 0]                      79       52.6    78.9      79.1      122
[50, 0, 0, 0]                     28.4     17      28.5      28.4       40.5
[5, 25, 0, 4]                     77.8     67.2    90.1     107        154
[5, 25, 0, 16]                   121      110     137       172        232
[5, 0, 95, 48]                    34.9     38.2    46.2      75.1       90.3
