inc_policy_arttree_ver_size_10000000_z_0
========================================= 

workload (up-mfind-range-rs)      read    write    lazy    hardware    non_per
------------------------------  ------  -------  ------  ----------  ---------
[5, 0, 0, 0]                     271      244     268         268        283
[50, 0, 0, 0]                    186      122     184         176        205
[5, 25, 0, 4]                    211      255     292         285        332
[5, 25, 0, 16]                   282      307     314         312        378
[5, 0, 95, 48]                    13.2     13.5    13.7        13.7       17.1
