inc_policy_hash_block_lf_ver_size_10000000_z_0
========================================= 

workload (up-mfind-range-rs)      read    write    lazy    hardware    non_per
------------------------------  ------  -------  ------  ----------  ---------
[5, 0, 0, 0]                       567    495     570         561        623
[50, 0, 0, 0]                      357    152     359         343        392
[5, 25, 0, 4]                      311    464     623         592        668
[5, 25, 0, 16]                     546    662     746         712        805
[5, 0, 95, 48]                      12     12.8    12.1        12.8       15.8
