inc_policy_hash_block_lf_ver_size_10000000_z_0.99
========================================= 

workload (up-mfind-range-rs)      read    write    lazy    hardware    non_per
------------------------------  ------  -------  ------  ----------  ---------
[5, 0, 0, 0]                       748    431     750         736        805
[50, 0, 0, 0]                      241    116     247         274        262
[5, 25, 0, 4]                      357    461     672         847        968
[5, 25, 0, 16]                     660    740     958        1089       1239
[5, 0, 95, 48]                      16     17.9    17.1        18.1       22.3
