inc_policy_hash_block_lf_ver_size_100000_z_0
========================================= 

workload (up-mfind-range-rs)      read    write    lazy    no_inc    non_per
------------------------------  ------  -------  ------  --------  ---------
[5, 0, 0, 0]                    1521      979    1525      1506       1656
[50, 0, 0, 0]                    502      171     506       502        569
[5, 25, 0, 4]                    418      761    1720      1926       2072
[5, 25, 0, 16]                   951     1546    2584      2740       2983
[5, 0, 95, 48]                    37.7     52.5    52.7      68.2       83.2
