inc_policy_arttree_ver_size_100000_z_0.99
========================================= 

workload (up-mfind-range-rs)      read    write    lazy    no_inc    non_per
------------------------------  ------  -------  ------  --------  ---------
[5, 0, 0, 0]                     537      334     535       531        634
[50, 0, 0, 0]                    158       98     158       159        185
[5, 25, 0, 4]                    324      380     551       705        829
[5, 25, 0, 16]                   596      647     809      1037       1224
[5, 0, 95, 48]                    33.2     45.5    48.3      53.8       64.1
