inc_policy_btree_ver_size_10000000_z_0
========================================= 

workload (up-mfind-range-rs)      read    write    lazy    hardware    non_per
------------------------------  ------  -------  ------  ----------  ---------
[5, 0, 0, 0]                     237      220     239         238        247
[50, 0, 0, 0]                    164      112     164         163        170
[5, 25, 0, 4]                    184      219     244         244        260
[5, 25, 0, 16]                   236      251     260         260        276
[5, 0, 95, 48]                    45.8     67.5    82.1        79.1       89.2
