inc_policy_list_ver_size_1000_z_0
========================================= 

workload (up-mfind-range-rs)      read    write    lazy    tsc    no_inc    non_per
------------------------------  ------  -------  ------  -----  --------  ---------
[5, 0, 0, 0]                      34.2     27.6    33.9   31.2      34.1       43
[50, 0, 0, 0]                     22       13.4    22     19.6      22         28
[5, 25, 0, 4]                     31.6     30.8    26.2   33.4      36.9       46
[5, 25, 0, 16]                    36.9     36.7    30.4   37.4      40.3       49.3
[5, 0, 95, 48]                    21.6     24.7    20.7   28.4      32.2       38.5
