inc_policy_list_ver_size_1000_z_0.99
========================================= 

workload (up-mfind-range-rs)      read    write    lazy    hardware    non_per
------------------------------  ------  -------  ------  ----------  ---------
[5, 0, 0, 0]                      35       29.1    34.8        32.9       45.1
[50, 0, 0, 0]                     21.8     14.1    21.8        20.1       28.1
[5, 25, 0, 4]                     33.2     32      28.1        35.4       48.1
[5, 25, 0, 16]                    38.7     37.5    31.8        38.9       51.9
[5, 0, 95, 48]                    22.7     25.8    21.5        29.7       40
