inc_policy_hash_block_lf_ver_size_100000_z_0.99
========================================= 

workload (up-mfind-range-rs)      read    write    lazy     tsc    no_inc    non_per
------------------------------  ------  -------  ------  ------  --------  ---------
[5, 0, 0, 0]                     708      384     777     864       803        864
[50, 0, 0, 0]                    192       89.9   193     227       193        215
[5, 25, 0, 4]                    381      427     685    1113      1087       1178
[5, 25, 0, 16]                   792      760    1157    1825      1687       2097
[5, 0, 95, 48]                    40.5     55.4    60.5    62.7      77.2       95.1
