inc_policy_list_ver_size_100_z_0.99
========================================= 

workload (up-mfind-range-rs)      read    write    lazy    no_inc    non_per
------------------------------  ------  -------  ------  --------  ---------
[5, 0, 0, 0]                      81.3     55.3    81.2      81.2      125
[50, 0, 0, 0]                     29.6     17.9    29.6      29.5       41.2
[5, 25, 0, 4]                     77.2     69.5    89.7     108        156
[5, 25, 0, 16]                   121      112     138       171        230
[5, 0, 95, 48]                    36.3     40      48        77.9       94.3
