inc_policy_hash_block_simple_size_10000000
========================================= 

workload (up-mfind-range-rs)      read    write    switch
------------------------------  ------  -------  --------
[5, 0, 0, 0]                    493      258       490
[5, 25, 0, 4]                   184      328       270
[5, 25, 0, 16]                  352      487       415
[5, 0, 95, 48]                    7.62     8.96      8.81
[5, 5, 0, 16]                   387      338       288
[50, 0, 0, 0]                   209       70.1     208
[50, 50, 0, 16]                 306      271       208
