inc_policy_list_ro_simple_size_100
========================================= 

workload (up-mfind-range-rs)      read    write    switch
------------------------------  ------  -------  --------
[5, 0, 0, 0]                     114       48       114
[5, 25, 0, 4]                     86.3     61.3      47.5
[5, 25, 0, 16]                   124       93        69.9
[5, 0, 95, 48]                    27.4     35.8      25.4
[5, 5, 0, 16]                    114       61.6      46.7
[50, 0, 0, 0]                     37.1     13.5      37
[50, 50, 0, 16]                   81.5     41.4      32.8
