inc_policy_hash_block_lf_per_size_10000000
========================================= 

workload (up-mfind-range-rs)    read    write    switch
------------------------------  ------  -------  --------
[5, 0, 0, 0]                    552     268      559
[5, 25, 0, 4]                   190     341      269
[5, 25, 0, 16]                  367     512      425
[5, 0, 95, 48]                  -       -        -
[5, 5, 0, 16]                   417     352      286
[50, 0, 0, 0]                   259     70.5     261
[50, 50, 0, 16]                 327     278      196
