inc_policy_btree_per_size_100000
========================================= 

workload (up-mfind-range-rs)      read    write    switch
------------------------------  ------  -------  --------
[5, 0, 0, 0]                     292      171       290
[5, 25, 0, 4]                    128      212       181
[5, 25, 0, 16]                   231      299       265
[5, 0, 95, 48]                    31.4    101        85.2
[5, 5, 0, 16]                    232      214       190
[50, 0, 0, 0]                    126       52.6     125
[50, 50, 0, 16]                  198      173       142
