inc_policy_arttree_simple_size_100000
========================================= 

workload (up-mfind-range-rs)      read    write    switch
------------------------------  ------  -------  --------
[5, 0, 0, 0]                     352      183         366
[5, 25, 0, 4]                    160      242         200
[5, 25, 0, 16]                   297      369         317
[5, 0, 95, 48]                    13.5     20.1        19
[5, 5, 0, 16]                    303      242         208
[50, 0, 0, 0]                    179       61.2       178
[50, 50, 0, 16]                  251      197         154
