inc_policy_list_simple_size_100
========================================= 

workload (up-mfind-range-rs)      read    write    switch
------------------------------  ------  -------  --------
[5, 0, 0, 0]                     103       43.5     102
[5, 25, 0, 4]                     76.1     54.8      42.2
[5, 25, 0, 16]                   108       83.6      63
[5, 0, 95, 48]                    24.6     32        22.9
[5, 5, 0, 16]                     99       54.7      43
[50, 0, 0, 0]                     40.1     13.6      39.9
[50, 50, 0, 16]                   75.4     39.1      29.8
