inc_policy_btree_simple_size_100000
========================================= 

workload (up-mfind-range-rs)      read    write    switch
------------------------------  ------  -------  --------
[5, 0, 0, 0]                     293      168       288
[5, 25, 0, 4]                    138      210       177
[5, 25, 0, 16]                   234      290       259
[5, 0, 95, 48]                    31.1     99.5      83.6
[5, 5, 0, 16]                    246      211       185
[50, 0, 0, 0]                    131       52.7     132
[50, 50, 0, 16]                  200      169       139
