inc_policy_hash_block_simple_size_100000
========================================= 

workload (up-mfind-range-rs)      read    write    switch
------------------------------  ------  -------  --------
[5, 0, 0, 0]                     838      283       838
[5, 25, 0, 4]                    225      378       285
[5, 25, 0, 16]                   502      659       509
[5, 0, 95, 48]                    16.3     25.6      24.6
[5, 5, 0, 16]                    592      389       307
[50, 0, 0, 0]                    209       65.7     209
[50, 50, 0, 16]                  394      283       202
