inc_policy_list_ro_per_size_1000
========================================= 

workload (up-mfind-range-rs)      read    write    switch
------------------------------  ------  -------  --------
[5, 0, 0, 0]                      18.1    15.4       17.6
[5, 25, 0, 4]                     15.3    15.3       14.2
[5, 25, 0, 16]                    15.3    15.5       15.1
[5, 0, 95, 48]                    11      12.8       11.4
[5, 5, 0, 16]                     15.9    15.1       14.5
[50, 0, 0, 0]                     13.6     8.41      13.4
[50, 50, 0, 16]                   13.6    12.6       11.6
