inc_policy_hash_block_lf_simple_size_100000
========================================= 

workload (up-mfind-range-rs)    read    write    switch
------------------------------  ------  -------  --------
[5, 0, 0, 0]                    943     271      950
[5, 25, 0, 4]                   228     367      257
[5, 25, 0, 16]                  516     643      471
[5, 0, 95, 48]                  -       -        -
[5, 5, 0, 16]                   624     375      267
[50, 0, 0, 0]                   297     64.0     295
[50, 50, 0, 16]                 420     264      167
