inc_policy_list_simple_size_1000
========================================= 

workload (up-mfind-range-rs)      read    write    switch
------------------------------  ------  -------  --------
[5, 0, 0, 0]                     10.8     10        10.7
[5, 25, 0, 4]                    10.2     10.1       9.91
[5, 25, 0, 16]                   11.2     11.1      11
[5, 0, 95, 48]                    7.25     8.5       7.98
[5, 5, 0, 16]                    10.7     10.1      10
[50, 0, 0, 0]                     8.54     6.25      8.44
[50, 50, 0, 16]                   9.94     9.24      8.91
