inc_policy_arttree_simple_size_10000000
========================================= 

workload (up-mfind-range-rs)      read    write    switch
------------------------------  ------  -------  --------
[5, 0, 0, 0]                    198       148       203
[5, 25, 0, 4]                   118       176       156
[5, 25, 0, 16]                  178       216       204
[5, 0, 95, 48]                    8.57     10.9      10.2
[5, 5, 0, 16]                   181       176       164
[50, 0, 0, 0]                   138        60.1     138
[50, 50, 0, 16]                 163       159       137
