inc_policy_hash_block_per_size_100000
========================================= 

workload (up-mfind-range-rs)      read    write    switch
------------------------------  ------  -------  --------
[5, 0, 0, 0]                       922    310       920
[5, 25, 0, 4]                      226    405       296
[5, 25, 0, 16]                     518    691       528
[5, 0, 95, 48]                      18     30        28.3
[5, 5, 0, 16]                      623    418       326
[50, 0, 0, 0]                      210     68.1     209
[50, 50, 0, 16]                    392    292       207
