inc_policy_hash_block_lf_per_size_100000
========================================= 

workload (up-mfind-range-rs)    read    write    switch
------------------------------  ------  -------  --------
[5, 0, 0, 0]                    792     272      816
[5, 25, 0, 4]                   229     370      257
[5, 25, 0, 16]                  517     650      471
[5, 0, 95, 48]                  -       -        -
[5, 5, 0, 16]                   621     379      264
[50, 0, 0, 0]                   232     62.5     231
[50, 50, 0, 16]                 420     266      165
