inc_policy_btree_per_size_10000000
========================================= 

workload (up-mfind-range-rs)      read    write    switch
------------------------------  ------  -------  --------
[5, 0, 0, 0]                     164      130       164
[5, 25, 0, 4]                     95.9    147       133
[5, 25, 0, 16]                   140      173       165
[5, 0, 95, 48]                    26.2     67.8      61.1
[5, 5, 0, 16]                    142      149       138
[50, 0, 0, 0]                    105       52.2     105
[50, 50, 0, 16]                  130      132       118
