inc_policy_hash_block_per_size_10000000
========================================= 

workload (up-mfind-range-rs)      read    write    switch
------------------------------  ------  -------  --------
[5, 0, 0, 0]                    791       319      790
[5, 25, 0, 4]                   199       378      304
[5, 25, 0, 16]                  392       558      469
[5, 0, 95, 48]                    8.05      9.5      9.37
[5, 5, 0, 16]                   485       399      330
[50, 0, 0, 0]                   221        72.8    220
[50, 50, 0, 16]                 323       283      221
