inc_policy_arttree_per_size_10000000
========================================= 

workload (up-mfind-range-rs)      read    write    switch
------------------------------  ------  -------  --------
[5, 0, 0, 0]                    224       158       223
[5, 25, 0, 4]                   125       190       166
[5, 25, 0, 16]                  192       238       222
[5, 0, 95, 48]                    8.55     10.8      10.3
[5, 5, 0, 16]                   198       191       174
[50, 0, 0, 0]                   150        60.7     149
[50, 50, 0, 16]                 176       171       146
