inc_policy_btree_ver_size_100000
========================================= 

workload (up-mfind-range-rs)      switch    read    write    lazy    no_inc
------------------------------  --------  ------  -------  ------  --------
[5, 0, 0, 0]                         448     460    303       453       449
[50, 0, 0, 0]                        130     127     86.7     124       127
[5, 25, 0, 4]                        279     283    334       548       638
[5, 25, 0, 16]                       652     642    744      1036      1192
[5, 0, 95, 48]                        83      57    111       179       216
