inc_policy_list_ver_size_100
========================================= 

workload (up-mfind-range-rs)      switch    read    write    lazy    no_inc
------------------------------  --------  ------  -------  ------  --------
[5, 0, 0, 0]                        85.3    85.2     51.8    85.6      85.4
[50, 0, 0, 0]                       30.6    30.6     16.7    30.6      30.6
[5, 25, 0, 4]                       68.3    77.6     65.8    93.4     110
[5, 25, 0, 16]                     111     125      104     151       175
[5, 0, 95, 48]                      38.9    36.4     38.1    47.8      75.7
