inc_policy_hash_block_ver_size_10000000
========================================= 

workload (up-mfind-range-rs)      switch    read    write    lazy    no_inc
------------------------------  --------  ------  -------  ------  --------
[5, 0, 0, 0]                       658     660      435     666       654
[50, 0, 0, 0]                      233     236      119     236       235
[5, 25, 0, 4]                      310     391      538     828       994
[5, 25, 0, 16]                     944     957     1303    1802      2238
[5, 0, 95, 48]                      15.9    14.2     15.9    15.2      16.1
