inc_policy_hash_block_lf_ver_size_100000
========================================= 

workload (up-mfind-range-rs)      switch    read    write    lazy    no_inc
------------------------------  --------  ------  -------  ------  --------
[5, 0, 0, 0]                         764   799      419     786       721
[50, 0, 0, 0]                        224   224       96.1   190       194
[5, 25, 0, 4]                        380   384      530     917      1225
[5, 25, 0, 16]                       782   928     1187    2052      2690
[5, 0, 95, 48]                        46    39.5     52.7    53.5      73.9
