inc_policy_btree_ver_size_10000000
========================================= 

workload (up-mfind-range-rs)      switch    read    write    lazy    no_inc
------------------------------  --------  ------  -------  ------  --------
[5, 0, 0, 0]                       270     272      228     272       270
[50, 0, 0, 0]                      133     134       88     133       132
[5, 25, 0, 4]                      231     233      277     373       394
[5, 25, 0, 16]                     530     521      620     739       794
[5, 0, 95, 48]                      60.4    46.5     71.2    92.3      97.1
