inc_policy_hash_block_lf_ver_size_10000000
========================================= 

workload (up-mfind-range-rs)      switch    read    write    lazy    no_inc
------------------------------  --------  ------  -------  ------  --------
[5, 0, 0, 0]                       729     731      444     733       735
[50, 0, 0, 0]                      250     272      119     269       239
[5, 25, 0, 4]                      365     384      548     888      1109
[5, 25, 0, 16]                     826     905     1304    2036      2464
[5, 0, 95, 48]                      17.1    15.4     17.3    16.3      17.4
