inc_policy_btree_simple_size_10000000
========================================= 

workload (up-mfind-range-rs)      read    write    switch
------------------------------  ------  -------  --------
[5, 0, 0, 0]                     163      127       161
[5, 25, 0, 4]                     99.1    144       131
[5, 25, 0, 16]                   139      167       160
[5, 0, 95, 48]                    25.7     65.2      58.9
[5, 5, 0, 16]                    146      145       135
[50, 0, 0, 0]                    111       52.9     110
[50, 50, 0, 16]                  128      129       115
