inc_policy_hash_block_lf_simple_size_10000000
========================================= 

workload (up-mfind-range-rs)    read    write    switch
------------------------------  ------  -------  --------
[5, 0, 0, 0]                    510     263      509
[5, 25, 0, 4]                   185     332      260
[5, 25, 0, 16]                  353     488      411
[5, 0, 95, 48]                  -       -        -
[5, 5, 0, 16]                   396     341      276
[50, 0, 0, 0]                   265     70.5     264
[50, 50, 0, 16]                 318     273      195
