inc_policy_list_per_size_1000
========================================= 

workload (up-mfind-range-rs)      read    write    switch
------------------------------  ------  -------  --------
[5, 0, 0, 0]                     18.3     11        18.3
[5, 25, 0, 4]                    11.3     11.1      10.7
[5, 25, 0, 16]                   11.9     12.1      11.8
[5, 0, 95, 48]                    8.63     9.96      9.34
[5, 5, 0, 16]                    11.7     11.2      10.8
[50, 0, 0, 0]                    14.7      6.93     14.7
[50, 50, 0, 16]                  10.8     10.1       9.51
