inc_policy_list_ro_simple_size_1000
========================================= 

workload (up-mfind-range-rs)      read    write    switch
------------------------------  ------  -------  --------
[5, 0, 0, 0]                     15.3     14.2       15.4
[5, 25, 0, 4]                    14.3     14.4       13.3
[5, 25, 0, 16]                   15       15.2       14.6
[5, 0, 95, 48]                    9.67    12         10.7
[5, 5, 0, 16]                    14.8     14.2       13.5
[50, 0, 0, 0]                    12.2      8.12      12.2
[50, 50, 0, 16]                  13.5     12.4       11.6
