inc_policy_arttree_per_size_100000
========================================= 

workload (up-mfind-range-rs)      read    write    switch
------------------------------  ------  -------  --------
[5, 0, 0, 0]                     390      194       383
[5, 25, 0, 4]                    168      257       209
[5, 25, 0, 16]                   322      406       342
[5, 0, 95, 48]                    14.7     22.7      20.8
[5, 5, 0, 16]                    329      260       218
[50, 0, 0, 0]                    178       61.7     178
[50, 50, 0, 16]                  268      212       164
