inc_policy_list_per_size_100
========================================= 

workload (up-mfind-range-rs)      read    write    switch
------------------------------  ------  -------  --------
[5, 0, 0, 0]                     106       44.1     105
[5, 25, 0, 4]                     76.4     54.5      41.7
[5, 25, 0, 16]                   108       80.5      60.3
[5, 0, 95, 48]                    27       33.6      24.3
[5, 5, 0, 16]                     98.4     53.3      40.4
[50, 0, 0, 0]                     40.4     13.7      40.1
[50, 50, 0, 16]                   73.8     38.2      29.7
