inc_policy_list_ro_per_size_100
========================================= 

workload (up-mfind-range-rs)      read    write    switch
------------------------------  ------  -------  --------
[5, 0, 0, 0]                     118       48.5     117
[5, 25, 0, 4]                     86.6     60.6      46
[5, 25, 0, 16]                   122       91        63.6
[5, 0, 95, 48]                    29.3     36.6      25.7
[5, 5, 0, 16]                    113       61.1      44.8
[50, 0, 0, 0]                     37.1     13.6      36.8
[50, 50, 0, 16]                   77       40.6      32
