inc_policy_btree_per_size_1000
========================================= 

workload (up-mfind-range-rs)      read    write    switch
------------------------------  ------  -------  --------
[5, 0, 0, 0]                     143.4     79.1     152.7
[5, 95, 0, 2]                     91.3    127       155.7
[5, 95, 0, 16]                   431.5    449.1     492.4
[5, 0, 95, 48]                    50.6     67.6      65
[5, 5, 0, 16]                    223.9    124.7     144.7
[50, 0, 0, 0]                     21.6     11.2      23.6
[50, 50, 0, 16]                  138.8     76.8      80.5