inc_policy_btree_per_size_10000000
========================================= 

workload (up-mfind-range-rs)      read    write    switch
------------------------------  ------  -------  --------
[5, 0, 0, 0]                     259.5    161.8     258.2
[5, 95, 0, 2]                     84.8    194.1     181
[5, 95, 0, 16]                   238.9    312.8     307.4
[5, 0, 95, 48]                    39.1     83.1      71.3
[5, 5, 0, 16]                    218.3    202       199.5
[50, 0, 0, 0]                    111.1     63.3     113.6
[50, 50, 0, 16]                  215.9    185.8     183.6