inc_policy_list_simple_size_1000
========================================= 

workload (up-mfind-range-rs)      read    write    switch
------------------------------  ------  -------  --------
[5, 0, 0, 0]                      15.3     11.9      15.3
[5, 95, 0, 2]                     14.4     14.7      13.4
[5, 95, 0, 16]                    18.1     18.8      17.5
[5, 0, 95, 48]                     9.5     10.9      11.8
[5, 5, 0, 16]                     15.2     13.7      13.4
[50, 0, 0, 0]                     12.4      7.4      12.2
[50, 50, 0, 16]                   14.6     12.6      11.8