inc_policy_hash_block_simple_size_1000
========================================= 

workload (up-mfind-range-rs)      read    write    switch
------------------------------  ------  -------  --------
[5, 0, 0, 0]                     620.9    159.8     615.9
[5, 95, 0, 2]                    120.7    248.3     278.4
[5, 95, 0, 16]                   719.7    743.1     862.2
[5, 0, 95, 48]                    13       37.5      31.7
[5, 5, 0, 16]                    511.9    181.8     295.5
[50, 0, 0, 0]                    136.3     41       136.3
[50, 50, 0, 16]                  380.8    186.4     195.1