inc_policy_list_simple_size_10
========================================= 

workload (up-mfind-range-rs)      read    write    switch
------------------------------  ------  -------  --------
[5, 0, 0, 0]                      96.4     29.6      97
[5, 95, 0, 2]                     67.9     55.5      55.7
[5, 95, 0, 16]                   279      209.2     191
[5, 0, 95, 48]                    38.4     28.9      29.1
[5, 5, 0, 16]                    101       41.2      56.2
[50, 0, 0, 0]                     23.7     11.7      23.7
[50, 50, 0, 16]                   76.6     42.7      44.3