inc_policy_list_per_size_1000
========================================= 

workload (up-mfind-range-rs)      read    write    switch
------------------------------  ------  -------  --------
[5, 0, 0, 0]                      25        8.1      24.7
[5, 95, 0, 2]                     11.8     15.5      15.2
[5, 95, 0, 16]                    20.4     20.1      19.9
[5, 0, 95, 48]                    12.2     13.2      10.7
[5, 5, 0, 16]                     15.9     11.1      12.6
[50, 0, 0, 0]                     16.2      4.7      16.2
[50, 50, 0, 16]                   15       12.8      12.4