inc_policy_list_ro_per_size_1000
========================================= 

workload (up-mfind-range-rs)      read    write    switch
------------------------------  ------  -------  --------
[5, 0, 0, 0]                      24.7     19.5      24.7
[5, 95, 0, 2]                     16.1     20.8      20.3
[5, 95, 0, 16]                    26.4     26.5      27
[5, 0, 95, 48]                    16.1     16.9      15.7
[5, 5, 0, 16]                     23.6     20.7      20
[50, 0, 0, 0]                     15.7      9.1      15.6
[50, 50, 0, 16]                   20.2     16.9      16.8