inc_policy_arttree_per_size_10000000
========================================= 

workload (up-mfind-range-rs)      read    write    switch
------------------------------  ------  -------  --------
[5, 0, 0, 0]                     294.1    158.4     296.9
[5, 95, 0, 2]                     84.8    207.3     188
[5, 95, 0, 16]                   282.4    343.9     325.6
[5, 0, 95, 48]                    11.2     13.5      12.7
[5, 5, 0, 16]                    252.3    203.5     213.9
[50, 0, 0, 0]                    145.6     64.6     150.2
[50, 50, 0, 16]                  245.7    189       197.4