inc_policy_hash_block_per_size_1000
========================================= 

workload (up-mfind-range-rs)      read    write    switch
------------------------------  ------  -------  --------
[5, 0, 0, 0]                     471.5    184.9     454.4
[5, 95, 0, 2]                    120      276.2     271.3
[5, 95, 0, 16]                   702.5    834.1     837.7
[5, 0, 95, 48]                    33.2     47.4      32.6
[5, 5, 0, 16]                    514.1    273.2     272.7
[50, 0, 0, 0]                    118.1     36.8     121.8
[50, 50, 0, 16]                  371.4    205.4     188.3