inc_policy_arttree_simple_size_1000
========================================= 

workload (up-mfind-range-rs)      read    write    switch
------------------------------  ------  -------  --------
[5, 0, 0, 0]                     353.8    100.7     350.7
[5, 95, 0, 2]                     89      159.2     170.9
[5, 95, 0, 16]                   445.8    452.4     482.9
[5, 0, 95, 48]                    15.8     23        20.4
[5, 5, 0, 16]                    300.3    153.8     188.1
[50, 0, 0, 0]                    111.1     35.8     109.2
[50, 50, 0, 16]                  246.2    156.4     138.3