inc_policy_list_per_size_10
========================================= 

workload (up-mfind-range-rs)      read    write    switch
------------------------------  ------  -------  --------
[5, 0, 0, 0]                      70.9     31.8      71.3
[5, 95, 0, 2]                     62.6     51.7      52.5
[5, 95, 0, 16]                   232.3    193.1     174.3
[5, 0, 95, 48]                    33.6     28.1      29.2
[5, 5, 0, 16]                     94.1     44.8      55.5
[50, 0, 0, 0]                     20.6     10.6      20.6
[50, 50, 0, 16]                   68.6     40.7      42.7