inc_policy_list_ro_simple_size_10
========================================= 

workload (up-mfind-range-rs)      read    write    switch
------------------------------  ------  -------  --------
[5, 0, 0, 0]                      79.7     37.4      78.4
[5, 95, 0, 2]                     62.9     51.9      55.7
[5, 95, 0, 16]                   258.5    189.3     191.8
[5, 0, 95, 48]                    35.3     26.5      29.1
[5, 5, 0, 16]                     93.4     50.4      55
[50, 0, 0, 0]                     14.1      8.5      14
[50, 50, 0, 16]                   64.8     41        44.5