inc_policy_btree_simple_size_1000
========================================= 

workload (up-mfind-range-rs)      read    write    switch
------------------------------  ------  -------  --------
[5, 0, 0, 0]                     215.3    107.1     224
[5, 95, 0, 2]                     95.4    170.3     163
[5, 95, 0, 16]                   476.2    526.6     501.3
[5, 0, 95, 48]                    48.5     57.9      66.8
[5, 5, 0, 16]                    295.4    156.9     161.4
[50, 0, 0, 0]                     26.4     12.1      30.3
[50, 50, 0, 16]                  156.3     93.8      96.1