inc_policy_list_ro_per_size_10
========================================= 

workload (up-mfind-range-rs)      read    write    switch
------------------------------  ------  -------  --------
[5, 0, 0, 0]                      83.9     37.5      83.7
[5, 95, 0, 2]                     42.8     49        53.7
[5, 95, 0, 16]                   225.1    174.7     183.8
[5, 0, 95, 48]                    34.2     27.2      28.3
[5, 5, 0, 16]                     95.9     51.3      58.6
[50, 0, 0, 0]                     13.7      7.1      13.8
[50, 50, 0, 16]                   60.4     39.3      42.5