inc_policy_arttree_simple_size_10000000
========================================= 

workload (up-mfind-range-rs)      read    write    switch
------------------------------  ------  -------  --------
[5, 0, 0, 0]                     266.5    152.1     269.2
[5, 95, 0, 2]                     82.7    208.8     169.1
[5, 95, 0, 16]                   269.6    331.5     307.6
[5, 0, 95, 48]                     9.6     13        12.3
[5, 5, 0, 16]                    231.9    200.7     192.3
[50, 0, 0, 0]                    150       63.8     148.5
[50, 50, 0, 16]                  219.2    192.6     181.3