inc_policy_arttree_per_size_1000
========================================= 

workload (up-mfind-range-rs)      read    write    switch
------------------------------  ------  -------  --------
[5, 0, 0, 0]                     279.3    110.6     269.4
[5, 95, 0, 2]                    109.4    180.1     187.8
[5, 95, 0, 16]                   441.5    493.5     506.2
[5, 0, 95, 48]                    18.7     25.2      22.7
[5, 5, 0, 16]                    303.1    163.4     179.5
[50, 0, 0, 0]                     91.4     28.3      99.6
[50, 50, 0, 16]                  240.7    132.8     129.4