inc_policy_hash_block_per_size_10000000
========================================= 

workload (up-mfind-range-rs)      read    write    switch
------------------------------  ------  -------  --------
[5, 0, 0, 0]                     779.1    305.4     735
[5, 95, 0, 2]                    113.6    338.8     321.1
[5, 95, 0, 16]                   495.8    726.4     677.8
[5, 0, 95, 48]                     9.6     10.9      10.9
[5, 5, 0, 16]                    552.9    368.2     374.8
[50, 0, 0, 0]                    230       57.3     214.4
[50, 50, 0, 16]                  400.2    303.8     275.8