inc_policy_hash_block_simple_size_10000000
========================================= 

workload (up-mfind-range-rs)      read    write    switch
------------------------------  ------  -------  --------
[5, 0, 0, 0]                     550.2    170.6     558.9
[5, 95, 0, 2]                    113.5    306.7     318.6
[5, 95, 0, 16]                   484.3    668.6     642.2
[5, 0, 95, 48]                     9.2     10.4      10.2
[5, 5, 0, 16]                    432      235.7     338.1
[50, 0, 0, 0]                    205.8     54.1     202.8
[50, 50, 0, 16]                  395.3    279.1     278.9