inc_policy_btree_simple_size_10000000
========================================= 

workload (up-mfind-range-rs)      read    write    switch
------------------------------  ------  -------  --------
[5, 0, 0, 0]                     263.9    163.6     264.6
[5, 95, 0, 2]                     85.4    206.7     173.6
[5, 95, 0, 16]                   222.9    305.7     285.2
[5, 0, 95, 48]                    36.2     75.4      72
[5, 5, 0, 16]                    223.8    201       195.8
[50, 0, 0, 0]                    127.4     63.5     128.5
[50, 50, 0, 16]                  193.9    187.9     178.9