inc_policy_list_ro_simple_size_1000
========================================= 

workload (up-mfind-range-rs)      read    write    switch
------------------------------  ------  -------  --------
[5, 0, 0, 0]                      22.8     18.3      22.8
[5, 95, 0, 2]                     19.4     19.5      18.8
[5, 95, 0, 16]                    25.2     24.9      23.1
[5, 0, 95, 48]                    15.3     12.9      14.9
[5, 5, 0, 16]                     22.1     18.9      17.4
[50, 0, 0, 0]                     15.4      9.2      15.3
[50, 50, 0, 16]                   19.7     16.5      14.4