inc_policy_hash_block_lf_ver_size_100000_z_0.99
========================================= 

workload (up-mfind-range-rs)      switch    read    write    lazy    no_inc    non_per
------------------------------  --------  ------  -------  ------  --------  ---------
[5, 0, 0, 0]                       810     822      459       821     814          924
[50, 0, 0, 0]                      244     238      118       240     238          292
[5, 25, 0, 4]                      502     410      616       996    1180         1400
[5, 25, 0, 16]                    1103     940     1351      2035    2395         2869
[5, 0, 95, 48]                      29.2    23.7     30.1      28      37.4         43
