inc_policy_list_ver_size_100
========================================= 

workload (up-mfind-range-rs)      switch    read    write    lazy    no_inc
------------------------------  --------  ------  -------  ------  --------
[5, 0, 0, 0]                       103     102       67.6   102       102
[50, 0, 0, 0]                       38.9    38.9     22.5    38.9      38.9
[5, 25, 0, 4]                       84      87.8     82.2    95.5     127
[5, 25, 0, 16]                     133     135      123     134       175
[5, 0, 95, 48]                      46.5    38.9     48.1    49.8      85.6
