inc_policy_btree_ver_size_10000000_z_0
========================================= 

workload (up-mfind-range-rs)      switch    read    write    lazy    no_inc    non_per
------------------------------  --------  ------  -------  ------  --------  ---------
[5, 0, 0, 0]                       111     111      110     110       110        115
[50, 0, 0, 0]                       78      78.6     66.2    78.6      78.5       86.2
[5, 25, 0, 4]                      151     136      159     165       164        172
[5, 25, 0, 16]                     325     301      338     335       342        384
[5, 0, 95, 48]                      35.2    27.8     37.8    37.7      38         41.4
