inc_policy_arttree_ver_size_10000000_z_0.99
========================================= 

workload (up-mfind-range-rs)      switch    read    write    lazy    no_inc    non_per
------------------------------  --------  ------  -------  ------  --------  ---------
[5, 0, 0, 0]                      223     226      217     223       226        232
[50, 0, 0, 0]                     128     128       84.6   126       129        154
[5, 25, 0, 4]                     274     229      310     338       356        379
[5, 25, 0, 16]                    628     521      694     693       750        802
[5, 0, 95, 48]                      7.24    7.23     7.28    7.37      7.32       8.36
