inc_policy_list_ver_size_1000_z_0.99
========================================= 

workload (up-mfind-range-rs)      switch    read    write    lazy    no_inc    non_per
------------------------------  --------  ------  -------  ------  --------  ---------
[5, 0, 0, 0]                        17.9    17.6     15.5    18.2      17.3       18.4
[50, 0, 0, 0]                       14.4    14.3     10.2    14.6      14.3       15.1
[5, 25, 0, 4]                       16.5    16.4     16.6    14.2      17.4       19.2
[5, 25, 0, 16]                      17.8    18       18.2    15.9      18.9       20.8
[5, 0, 95, 48]                      13.1    12.6     13.2    10.4      14.3       15.9
