inc_policy_arttree_ver_size_100000_z_0.99
========================================= 

workload (up-mfind-range-rs)      switch    read    write    lazy    no_inc    non_per
------------------------------  --------  ------  -------  ------  --------  ---------
[5, 0, 0, 0]                       426       450    333     425       448        468
[50, 0, 0, 0]                      172       169    103     170       172        217
[5, 25, 0, 4]                      374       309    441     559       640        715
[5, 25, 0, 16]                     822       674    932    1040      1181       1312
[5, 0, 95, 48]                      15.4      14     15.3    15.3      16.1       18.8
