inc_policy_btree_ver_size_100000
========================================= 

workload (up-mfind-range-rs)      switch    read    write    lazy    no_inc
------------------------------  --------  ------  -------  ------  --------
[5, 0, 0, 0]                       288     288      274       286       283
[50, 0, 0, 0]                      120     120       82.3     120       120
[5, 25, 0, 4]                      269     230      306       358       374
[5, 25, 0, 16]                     512     476      586       609       665
[5, 0, 95, 48]                      79.2    52.9    101       110       117
