inc_policy_arttree_ver_size_10000000_z_0
========================================= 

workload (up-mfind-range-rs)      switch    read    write    lazy    no_inc    non_per
------------------------------  --------  ------  -------  ------  --------  ---------
[5, 0, 0, 0]                      146     147      145     146       147        150
[50, 0, 0, 0]                     108     107       82.8   107       108        122
[5, 25, 0, 4]                     217     183      235     237       240        252
[5, 25, 0, 16]                    529     439      549     534       558        586
[5, 0, 95, 48]                      5.31    5.34     5.29    5.45      5.43       6.13
