inc_policy_hash_block_lf_ver_size_100000_z_0
========================================= 

workload (up-mfind-range-rs)      switch    read    write    lazy    no_inc    non_per
------------------------------  --------  ------  -------  ------  --------  ---------
[5, 0, 0, 0]                       967     948      749     957       967       1065
[50, 0, 0, 0]                      414     410      176     400       404        449
[5, 25, 0, 4]                      595     418      827    1264      1288       1499
[5, 25, 0, 16]                    1265     976     1665    2461      2483       2894
[5, 0, 95, 48]                      25.4    21.5     26.1    25.3      30.8       36.9
