inc_policy_btree_ver_size_10000000
========================================= 

workload (up-mfind-range-rs)      switch    read    write    lazy    no_inc
------------------------------  --------  ------  -------  ------  --------
[5, 0, 0, 0]                       151     151      150     151       150
[50, 0, 0, 0]                       89.5    88.2     69.6    89.2      90.3
[5, 25, 0, 4]                      184     162      203     210       212
[5, 25, 0, 16]                     356     348      405     396       420
[5, 0, 95, 48]                      47      34.1     52.5    52.8      54.1
