inc_policy_hash_block_ver_size_10000000
========================================= 

workload (up-mfind-range-rs)      switch    read    write     lazy    no_inc    non_per
------------------------------  --------  ------  -------  -------  --------  ---------
[5, 0, 0, 0]                      454      458      372     462       452         498
[50, 0, 0, 0]                     181      182      110     182       180         221
[5, 25, 0, 4]                     412      327      494     626       666         747
[5, 25, 0, 16]                    994      765     1159    1238      1465        1662
[5, 0, 95, 48]                      9.55     9.5      9.5     9.31      9.59       10.5
