inc_policy_hash_block_lf_ver_size_10000000
========================================= 

workload (up-mfind-range-rs)      switch    read    write     lazy    no_inc    non_per
------------------------------  --------  ------  -------  -------  --------  ---------
[5, 0, 0, 0]                       508     500      397     502        506        540
[50, 0, 0, 0]                      243     235      118     230        230        266
[5, 25, 0, 4]                      433     328      516     696        729        817
[5, 25, 0, 16]                    1021     803     1214    1513       1551       1760
[5, 0, 95, 48]                      10.2    10.1     10.1     9.75      10.1       11.6
