inc_policy_btree_ver_size_100000_z_0
========================================= 

workload (up-mfind-range-rs)      switch    read    write    lazy    no_inc    non_per
------------------------------  --------  ------  -------  ------  --------  ---------
[5, 0, 0, 0]                       250     249      244     249       248        269
[50, 0, 0, 0]                      132     131       93.5   132       131        149
[5, 25, 0, 4]                      259     217      292     320       314        351
[5, 25, 0, 16]                     476     452      567     580       606        685
[5, 0, 95, 48]                      69.8    47.3     85.6    89.8      91.4       98.5
