inc_policy_list_ver_size_1000_z_0
========================================= 

workload (up-mfind-range-rs)      switch    read    write    lazy    no_inc    non_per
------------------------------  --------  ------  -------  ------  --------  ---------
[5, 0, 0, 0]                        16.5    15.9    13.6    16.5       16.1       16.5
[50, 0, 0, 0]                       13.5    13.2     9.32   13.5       13.3       14
[5, 25, 0, 4]                       14.7    14.4    14.6    12.4       16.4       17.3
[5, 25, 0, 16]                      15.9    16.1    16      14.2       16.8       19.2
[5, 0, 95, 48]                      11.9    11.8    11.9     9.52      13.1       14.5
