inc_policy_list_ver_size_100_z_0
========================================= 

workload (up-mfind-range-rs)      switch    read    write    lazy    no_inc    non_per
------------------------------  --------  ------  -------  ------  --------  ---------
[5, 0, 0, 0]                       104     104       66.5   104       104        143
[50, 0, 0, 0]                       38.8    39.1     21.3    38.9      38.9       51.3
[5, 25, 0, 4]                       84.3    89.3     82.8    97.4     129        172
[5, 25, 0, 16]                     136     139      125     138       182        229
[5, 0, 95, 48]                      47.5    38.6     48.1    48.2      84.5       99.7
