inc_policy_hash_block_ver_size_100000
========================================= 

workload (up-mfind-range-rs)      switch    read    write    lazy    no_inc    non_per
------------------------------  --------  ------  -------  ------  --------  ---------
[5, 0, 0, 0]                       694       702    464     710       690        807
[50, 0, 0, 0]                      193       195    112     195       195        234
[5, 25, 0, 4]                      480       392    600     857      1021       1220
[5, 25, 0, 16]                    1136       915   1346    1574      2094       2562
[5, 0, 95, 48]                      27.7      23     28.1    26.5      34.6       38.1
