inc_policy_arttree_ver_size_100000_z_0
========================================= 

workload (up-mfind-range-rs)      switch    read    write    lazy    no_inc    non_per
------------------------------  --------  ------  -------  ------  --------  ---------
[5, 0, 0, 0]                       389     398      380     385       396        394
[50, 0, 0, 0]                      200     201      124     198       200        235
[5, 25, 0, 4]                      385     300      471     548       580        623
[5, 25, 0, 16]                     821     667      974     998      1089       1180
[5, 0, 95, 48]                      13.7    12.6     13.6    13.6      14.1       16.5
