inc_policy_hash_block_lf_ver_size_10000000_z_0
========================================= 

workload (up-mfind-range-rs)      switch    read    write    lazy    no_inc    non_per
------------------------------  --------  ------  -------  ------  --------  ---------
[5, 0, 0, 0]                      354     352      335      354      354        375
[50, 0, 0, 0]                     209     209      130      212      210        236
[5, 25, 0, 4]                     378     285      450      515      504        571
[5, 25, 0, 16]                   1018     710     1134     1210     1174       1343
[5, 0, 95, 48]                      7.47    7.43     7.45     7.2      7.46       8.58
