inc_policy_btree_simple_size_10000000
========================================= 

workload (up-mfind-range-rs)      read    write    switch
------------------------------  ------  -------  --------
[5, 0, 0, 0]                     121      109       120
[5, 25, 0, 4]                     83      117       111
[5, 25, 0, 16]                   108      127       124
[5, 0, 95, 48]                    22.3     46.3      44.3
[5, 5, 0, 16]                    113      118       113
[50, 0, 0, 0]                     95       56.5      93.9
[50, 50, 0, 16]                  103      111       106
