inc_policy_list_ro_per_size_1000
========================================= 

workload (up-mfind-range-rs)      read    write    switch
------------------------------  ------  -------  --------
[5, 0, 0, 0]                      16.3    14.3       16.1
[5, 25, 0, 4]                     14      13.9       13.1
[5, 25, 0, 16]                    13.7    13.9       13.7
[5, 0, 95, 48]                    10.4    11.9       10.8
[5, 5, 0, 16]                     14.6    14         13.4
[50, 0, 0, 0]                     12.7     8.15      12.5
[50, 50, 0, 16]                   12.5    11.7       11
