inc_policy_hash_block_per_size_10000000
========================================= 

workload (up-mfind-range-rs)      read    write    switch
------------------------------  ------  -------  --------
[5, 0, 0, 0]                    600      410       596
[5, 25, 0, 4]                   179      414       350
[5, 25, 0, 16]                  316      498       472
[5, 0, 95, 48]                    6.12     6.87      6.78
[5, 5, 0, 16]                   389      463       413
[50, 0, 0, 0]                   218       87.4     218
[50, 50, 0, 16]                 272      338       285
