inc_policy_arttree_per_size_10000000
========================================= 

workload (up-mfind-range-rs)      read    write    switch
------------------------------  ------  -------  --------
[5, 0, 0, 0]                    155      135       154
[5, 25, 0, 4]                   103      155       145
[5, 25, 0, 16]                  148      180       176
[5, 0, 95, 48]                    6.59     7.72      7.46
[5, 5, 0, 16]                   147      156       150
[50, 0, 0, 0]                   120       64       119
[50, 50, 0, 16]                 138      153       142
