inc_policy_hash_block_per_size_100000
========================================= 

workload (up-mfind-range-rs)      read    write    switch
------------------------------  ------  -------  --------
[5, 0, 0, 0]                    1141      608      1144
[5, 25, 0, 4]                    228      771       620
[5, 25, 0, 16]                   504     1267      1057
[5, 0, 95, 48]                    15.9     25.2      24.5
[5, 5, 0, 16]                    650      839       679
[50, 0, 0, 0]                    281       97.8     277
[50, 50, 0, 16]                  409      582       415
