inc_policy_list_simple_size_1000
========================================= 

workload (up-mfind-range-rs)      read    write    switch
------------------------------  ------  -------  --------
[5, 0, 0, 0]                      9.74     9.19      9.68
[5, 25, 0, 4]                     9.27     9.26      9.05
[5, 25, 0, 16]                   10.1     10         9.99
[5, 0, 95, 48]                    6.77     7.81      7.51
[5, 5, 0, 16]                     9.64     9.28      9.21
[50, 0, 0, 0]                     7.8      5.91      7.8
[50, 50, 0, 16]                   8.96     8.43      8.2
