inc_policy_hash_block_simple_size_10000000
========================================= 

workload (up-mfind-range-rs)      read    write    switch
------------------------------  ------  -------  --------
[5, 0, 0, 0]                     330     265       330
[5, 25, 0, 4]                    159     313       273
[5, 25, 0, 16]                   279     402       384
[5, 0, 95, 48]                     5.8     6.45      6.36
[5, 5, 0, 16]                    290     324       297
[50, 0, 0, 0]                    193      85.3     190
[50, 50, 0, 16]                  254     307       264
