inc_policy_hash_block_simple_size_100000
========================================= 

workload (up-mfind-range-rs)      read    write    switch
------------------------------  ------  -------  --------
[5, 0, 0, 0]                     874      518       873
[5, 25, 0, 4]                    221      696       566
[5, 25, 0, 16]                   479     1133       963
[5, 0, 95, 48]                    13.7     19.9      19.3
[5, 5, 0, 16]                    582      732       610
[50, 0, 0, 0]                    284       98.7     280
[50, 50, 0, 16]                  401      566       405
