inc_policy_list_ro_per_size_100
========================================= 

workload (up-mfind-range-rs)      read    write    switch
------------------------------  ------  -------  --------
[5, 0, 0, 0]                     117       48.1     116
[5, 25, 0, 4]                     87.6     61        45.5
[5, 25, 0, 16]                   124       91.6      65.5
[5, 0, 95, 48]                    29.1     35.4      24.6
[5, 5, 0, 16]                    113       60.9      44.3
[50, 0, 0, 0]                     35.9     12.9      35.7
[50, 50, 0, 16]                   77.1     40.4      31.2
