inc_policy_btree_per_size_10000000
========================================= 

workload (up-mfind-range-rs)      read    write    switch
------------------------------  ------  -------  --------
[5, 0, 0, 0]                     123      110       123
[5, 25, 0, 4]                     82.1    120       114
[5, 25, 0, 16]                   110      130       128
[5, 0, 95, 48]                    22.8     48.5      45.9
[5, 5, 0, 16]                    112      120       117
[50, 0, 0, 0]                     91.6     54.8      92
[50, 50, 0, 16]                  103      114       108
