inc_policy_btree_per_size_100000
========================================= 

workload (up-mfind-range-rs)      read    write    switch
------------------------------  ------  -------  --------
[5, 0, 0, 0]                     249      197       243
[5, 25, 0, 4]                    116      230       206
[5, 25, 0, 16]                   197      283       274
[5, 0, 95, 48]                    28.8     87.3      74.7
[5, 5, 0, 16]                    202      232       224
[50, 0, 0, 0]                    133       65.8     132
[50, 50, 0, 16]                  176      211       190
