inc_policy_hash_block_lf_per_size_100000
========================================= 

workload (up-mfind-range-rs)    read    write    switch
------------------------------  ------  -------  --------
[5, 0, 0, 0]                    959     557      970
[5, 25, 0, 4]                   223     731      581
[5, 25, 0, 16]                  496     1193     981
[5, 0, 95, 48]                  -       -        -
[5, 5, 0, 16]                   615     776      632
[50, 0, 0, 0]                   370     111      371
[50, 50, 0, 16]                 429     623      404
