inc_policy_arttree_simple_size_10000000
========================================= 

workload (up-mfind-range-rs)      read    write    switch
------------------------------  ------  -------  --------
[5, 0, 0, 0]                    148      131       151
[5, 25, 0, 4]                   101      150       142
[5, 25, 0, 16]                  142      170       168
[5, 0, 95, 48]                    6.72     7.94      7.44
[5, 5, 0, 16]                   142      150       146
[50, 0, 0, 0]                   112       64.1     112
[50, 50, 0, 16]                 132      145       137
