inc_policy_list_simple_size_100
========================================= 

workload (up-mfind-range-rs)      read    write    switch
------------------------------  ------  -------  --------
[5, 0, 0, 0]                     101       43.7     100
[5, 25, 0, 4]                     75.5     54.9      42
[5, 25, 0, 16]                   108       83.9      63.8
[5, 0, 95, 48]                    24.4     30.9      22
[5, 5, 0, 16]                     99.1     55        42.8
[50, 0, 0, 0]                     40       13.2      39.9
[50, 50, 0, 16]                   74.4     39.1      29.6
