inc_policy_list_per_size_1000
========================================= 

workload (up-mfind-range-rs)      read    write    switch
------------------------------  ------  -------  --------
[5, 0, 0, 0]                     16.8      9.6      16.6
[5, 25, 0, 4]                     9.75     9.72      9.48
[5, 25, 0, 16]                   10.4     10.5      10.3
[5, 0, 95, 48]                    7.7      8.85      8.47
[5, 5, 0, 16]                    10.2      9.76      9.67
[50, 0, 0, 0]                    13.7      6.26     13.6
[50, 50, 0, 16]                   9.41     8.93      8.51
