inc_policy_list_ro_simple_size_1000
========================================= 

workload (up-mfind-range-rs)      read    write    switch
------------------------------  ------  -------  --------
[5, 0, 0, 0]                     14       13.1       14.1
[5, 25, 0, 4]                    13.1     13.2       12.3
[5, 25, 0, 16]                   13.5     13.4       13.2
[5, 0, 95, 48]                    9.14    11.3       10.1
[5, 5, 0, 16]                    13.6     13.1       12.6
[50, 0, 0, 0]                    11.4      7.87      11.4
[50, 50, 0, 16]                  12.4     11.5       10.8
