inc_policy_arttree_simple_size_100000
========================================= 

workload (up-mfind-range-rs)      read    write    switch
------------------------------  ------  -------  --------
[5, 0, 0, 0]                     288      221       298
[5, 25, 0, 4]                    144      280       254
[5, 25, 0, 16]                   246      359       342
[5, 0, 95, 48]                    10.5     14        13.5
[5, 5, 0, 16]                    255      279       268
[50, 0, 0, 0]                    182       81.2     181
[50, 50, 0, 16]                  225      271       233
