inc_policy_arttree_per_size_100000
========================================= 

workload (up-mfind-range-rs)      read    write    switch
------------------------------  ------  -------  --------
[5, 0, 0, 0]                     334      246       333
[5, 25, 0, 4]                    155      320       279
[5, 25, 0, 16]                   274      423       397
[5, 0, 95, 48]                    11.7     16.2      15.1
[5, 5, 0, 16]                    285      321       295
[50, 0, 0, 0]                    191       81.4     189
[50, 50, 0, 16]                  243      300       255
