inc_policy_list_per_size_100
========================================= 

workload (up-mfind-range-rs)      read    write    switch
------------------------------  ------  -------  --------
[5, 0, 0, 0]                     106       43.9     105
[5, 25, 0, 4]                     75.8     54.4      41.7
[5, 25, 0, 16]                   108       80.3      61.1
[5, 0, 95, 48]                    26.8     32.4      23.2
[5, 5, 0, 16]                     98.3     54.5      40
[50, 0, 0, 0]                     39.9     13.2      39.7
[50, 50, 0, 16]                   72.5     38        29.3
