inc_policy_list_ro_simple_size_100
========================================= 

workload (up-mfind-range-rs)      read    write    switch
------------------------------  ------  -------  --------
[5, 0, 0, 0]                     114       47.7     114
[5, 25, 0, 4]                     87.4     61.9      47
[5, 25, 0, 16]                   126       94.2      70.5
[5, 0, 95, 48]                    27.2     34.7      24.3
[5, 5, 0, 16]                    114       61.9      45
[50, 0, 0, 0]                     36.5     12.8      36.4
[50, 50, 0, 16]                   81.1     41.3      32.2
