inc_policy_hash_block_lf_simple_size_100000
========================================= 

workload (up-mfind-range-rs)    read    write    switch
------------------------------  ------  -------  --------
[5, 0, 0, 0]                    941     544      940
[5, 25, 0, 4]                   224     727      583
[5, 25, 0, 16]                  488     1161     982
[5, 0, 95, 48]                  -       -        -
[5, 5, 0, 16]                   601     768      621
[50, 0, 0, 0]                   366     112      368
[50, 50, 0, 16]                 425     619      412
