inc_policy_btree_simple_size_100000
========================================= 

workload (up-mfind-range-rs)      read    write    switch
------------------------------  ------  -------  --------
[5, 0, 0, 0]                     244      191       241
[5, 25, 0, 4]                    125      228       204
[5, 25, 0, 16]                   200      267       257
[5, 0, 95, 48]                    28.2     84.2      72.2
[5, 5, 0, 16]                    211      225       213
[50, 0, 0, 0]                    141       69.6     141
[50, 50, 0, 16]                  177      206       191
