inc_policy_hash_block_lf_per_size_10000000
========================================= 

workload (up-mfind-range-rs)    read    write    switch
------------------------------  ------  -------  --------
[5, 0, 0, 0]                    362     280      366
[5, 25, 0, 4]                   164     329      291
[5, 25, 0, 16]                  290     421      402
[5, 0, 95, 48]                  -       -        -
[5, 5, 0, 16]                   308     343      315
[50, 0, 0, 0]                   228     91.8     231
[50, 50, 0, 16]                 270     326      275
