inc_policy_hash_block_lf_simple_size_10000000
========================================= 

workload (up-mfind-range-rs)    read    write    switch
------------------------------  ------  -------  --------
[5, 0, 0, 0]                    336     268      335
[5, 25, 0, 4]                   160     317      282
[5, 25, 0, 16]                  280     403      385
[5, 0, 95, 48]                  -       -        -
[5, 5, 0, 16]                   294     328      302
[50, 0, 0, 0]                   216     91.8     215
[50, 50, 0, 16]                 261     316      267
